$ANSIBLE_VAULT;1.1;AES256
33613039356632623738666137633139373432346436363536666262306333663935383330666238
6633366233353338663938356435333730636138346530300a646463356637386336306132323461
31353765313761373532646139643964383231623438643739336464373961333137303761346633
3134336465363233380a333233396537346263373338383661633664656537336131396162616563
30613630643338323365343837313635386264313166643863373961333633613330633630383131
64303661303834323133373366363865353132393135396334366530633466643538303630306137
39303034376639396264646532396566333830306234346634366432656466363036653731326634
61643462383361646633383039663462343133343063386162643762303533303865643231376639
30353433333361656539376266366263363265626333346238396132646435643361613634646533
65396461663063353465323532346438333863343261666330376634333737303330343662396262
31356131623463613765663132313232386434663132336537316230316531626263303237303833
66323439663364383666303761353164306239646637336330393934366265356466656637386263
34383630326535333536636330313630633935346666373136386538633733643031363834316335
66626165356239613963333631373738383832373334396161303864346165656537643065613261
36313866303738343438363331313861323363663862313731373764323633373135643563343664
39663832306666663434
